
start_date_time <- as.POSIXct("2021-08-30 07:00:00")

dregde_vol <- 190000 # m3 material to be dredged
